{
  "date_time": "24/12/2025_10:55:06",
  "camera_angle_x": 0.7853981633974483,
  "camera_angle_y": 0.7853981633974483,
  "cx": 400.0,
  "cy": 400.0,
  "fl_x": 965.685424949238,
  "fl_y": 965.685424949238,
  "h": 800,
  "w": 800,
  "aabb_scale": 0.442929991842927,
  "frames": [
    {
      "file_path": "/home/ak/workspace/rigid-body-manipulation/datasets/chair/complete/0000.png",
      "transform_matrix": [
        [
          1.0,
          -1e-08,
          0.0,
          0.0
        ],
        [
          1e-08,
          1.0,
          -4.930380657631324e-32,
          0.0
        ],
        [
          0.0,
          -4.930380657631324e-32,
          1.0,
          1.771719967371708
        ],
        [
          0.0,
          0.0,
          0.0,
          1.0
        ]
      ],
      "pose_sen_obj": [
        [
          -1.0,
          1.2246468029543328e-16,
          0.0,
          0.0
        ],
        [
          -1.2246468029543294e-16,
          -1.0,
          0.0,
          0.0
        ],
        [
          4.930380657631324e-32,
          -4.930380657631324e-32,
          1.0,
          0.0
        ],
        [
          0.0,
          0.0,
          0.0,
          1.0
        ]
      ],
      "twist_sen": [
        0.0028451521043221972,
        -0.018232652316973845,
        -0.022666163398610654,
        0.009791387332018094,
        -0.027458828956217513,
        -0.03857596899413166
      ],
      "dtwist_sen": [
        -0.7162135625021037,
        1.7235144103211024,
        -1.1899047807623622,
        2.4006241734710185,
        -0.4017856633505306,
        -0.7238674629291132
      ],
      "ft_sen": [
        -1.0866132980954986e-15,
        -1.5446114855100603e-15,
        2.1001268464510062e-16,
        4.975508189270629e-15,
        1.6236786640650028e-18,
        -1.7145793582338578e-16
      ],
      "regressor": [
        [
          -0.716294518428708,
          -0.0022420926714830165,
          0.7235986028991193,
          -0.4021633756046601,
          0.0,
          0.0,
          0.0,
          0.0,
          0.0,
          0.0
        ],
        [
          1.7236265890069091,
          -0.7241363229591071,
          -0.0015839766497218117,
          -2.3995649225365883,
          0.0,
          0.0,
          0.0,
          0.0,
          0.0,
          0.0
        ],
        [
          -1.1900051791783006,
          0.40140795109640115,
          2.401683424405449,
          -0.0008498585535324137,
          0.0,
          0.0,
          0.0,
          0.0,
          0.0,
          0.0
        ],
        [
          0.0,
          -0.0,
          -1.1900051791783006,
          -1.7236265890069091,
          2.4006241734710185,
          -0.0010592509344302115,
          0.0010592509344302115,
          -0.40140795109640115,
          -0.0007341180961893981,
          -0.7241363229591071
        ],
        [
          0.0,
          1.1900051791783006,
          -0.0,
          -0.716294518428708,
          -0.0003777122541294635,
          -0.4017856633505306,
          0.0003777122541294635,
          2.401683424405449,
          -0.7235986028991193,
          0.001392234117950603
        ],
        [
          0.0,
          1.7236265890069091,
          0.716294518428708,
          -0.0,
          0.0002688600299939598,
          -0.0002688600299939598,
          -0.7238674629291132,
          -0.0006581160217612049,
          -0.4021633756046601,
          2.3995649225365883
        ]
      ]
    },
    {
      "file_path": "/home/ak/workspace/rigid-body-manipulation/datasets/chair/complete/0001.png",
      "transform_matrix": [
        [
          0.9999999174722569,
          -0.00040553386110089113,
          2.444927003533648e-05,
          4.331725990924795e-05
        ],
        [
          0.00040553798701187157,
          0.9999999034913594,
          -0.0001689858372638806,
          -0.00029939558208358363
        ],
        [
          -2.438073819671367e-05,
          0.0001689957384256149,
          0.9999999854230099,
          1.7717199415453635
        ],
        [
          0.0,
          0.0,
          0.0,
          1.0
        ]
      ],
      "pose_sen_obj": [
        [
          -1.0,
          1.2246468029543328e-16,
          0.0,
          0.0
        ],
        [
          -1.2246468029543294e-16,
          -1.0,
          0.0,
          0.0
        ],
        [
          4.930380657631324e-32,
          -4.930380657631324e-32,
          1.0,
          0.0
        ],
        [
          0.0,
          0.0,
          0.0,
          1.0
        ]
      ],
      "twist_sen": [
        -0.023460692373235087,
        -0.003860433497662381,
        -0.004173778635277622,
        0.009852459712091229,
        0.08559489584937476,
        0.02261103436050308
      ],
      "dtwist_sen": [
        -1.7712456560950647,
        -2.2708472247884743,
        9.683191014383054,
        -2.4567141436671402,
        6.253222278041203,
        -0.1497862344761162
      ],
      "ft_sen": [
        -4.1825327875486575,
        -4.015942163667876,
        55.080820919097576,
        -0.1474909607301884,
        0.5267615358680235,
        0.5476517319915931
      ],
      "regressor": [
        [
          -1.7715156218481876,
          -0.007837745070317162,
          0.1506295547390328,
          6.253445052346288,
          0.0,
          0.0,
          0.0,
          0.0,
          0.0,
          0.0
        ],
        [
          -2.2713365733239956,
          -0.14894291421319958,
          -0.0006083298372302318,
          2.4586495327982743,
          0.0,
          0.0,
          0.0,
          0.0,
          0.0,
          0.0
        ],
        [
          9.685161095137788,
          -6.252999503736117,
          -2.4547787545360062,
          -0.007423557157843692,
          0.0,
          0.0,
          0.0,
          0.0,
          0.0,
          0.0
        ],
        [
          0.0,
          -0.0,
          9.685161095137788,
          2.2713365733239956,
          -2.4567141436671402,
          -0.0019353891311338952,
          0.0019353891311338952,
          6.252999503736117,
          0.00681522732061346,
          -0.14894291421319958
        ],
        [
          0.0,
          -9.685161095137788,
          -0.0,
          -1.7715156218481876,
          0.00022277430508556707,
          6.253222278041203,
          -0.00022277430508556707,
          -2.4547787545360062,
          -0.1506295547390328,
          0.0004141879124734702
        ],
        [
          0.0,
          -2.2713365733239956,
          1.7715156218481876,
          -0.0,
          -0.0008433202629166095,
          0.0008433202629166095,
          -0.1497862344761162,
          -0.007229415233086931,
          6.253445052346288,
          -2.4586495327982743
        ]
      ]
    },
    {
      "file_path": "/home/ak/workspace/rigid-body-manipulation/datasets/chair/complete/0002.png",
      "transform_matrix": [
        [
          0.9999998525935989,
          -0.0005402709314381046,
          -5.403795627228836e-05,
          -9.574012612367788e-05
        ],
        [
          0.0005402470305227466,
          0.9999997566762182,
          -0.00044133960844530294,
          -0.0007819301966747183
        ],
        [
          5.427638608490377e-05,
          0.000441310349543608,
          0.9999999011496196,
          1.7717197922365155
        ],
        [
          0.0,
          0.0,
          0.0,
          1.0
        ]
      ],
      "pose_sen_obj": [
        [
          -1.0,
          1.2246468029543328e-16,
          0.0,
          0.0
        ],
        [
          -1.2246468029543294e-16,
          -1.0,
          0.0,
          0.0
        ],
        [
          4.930380657631324e-32,
          -4.930380657631324e-32,
          1.0,
          0.0
        ],
        [
          0.0,
          0.0,
          0.0,
          1.0
        ]
      ],
      "twist_sen": [
        0.0008966671586903638,
        0.00970263835183049,
        0.02575759064625663,
        0.0014303806013223261,
        -0.08257909714384276,
        0.03241872602337578
      ],
      "dtwist_sen": [
        0.2861594180551662,
        0.8918623782074192,
        9.657588518204923,
        6.177867051514162,
        4.8091900572334785,
        0.12300683019355522
      ],
      "ft_sen": [
        -2.1248912621289966,
        -0.7907883180090779,
        54.75138822288209,
        1.0185825537007855,
        0.7261956692554878,
        -0.048594603137875676
      ],
      "regressor": [
        [
          0.28371783230056574,
          -0.007870281082070921,
          -0.12312494973218449,
          4.809236428350302,
          0.0,
          0.0,
          0.0,
          0.0,
          0.0,
          0.0
        ],
        [
          0.8918546038563737,
          0.12288871065492596,
          -0.0010530197856433415,
          -6.180544160639726,
          0.0,
          0.0,
          0.0,
          0.0,
          0.0,
          0.0
        ],
        [
          9.657676442635006,
          -4.809143686116655,
          6.175189942388598,
          -0.006821353273756859,
          0.0,
          0.0,
          0.0,
          0.0,
          0.0,
          0.0
        ],
        [
          0.0,
          -0.0,
          9.657676442635006,
          -0.8918546038563737,
          6.177867051514162,
          0.002677109125563972,
          -0.002677109125563972,
          4.809143686116655,
          0.005768333488113517,
          0.12288871065492596
        ],
        [
          0.0,
          -9.657676442635006,
          -0.0,
          0.28371783230056574,
          4.637111682341999e-05,
          4.8091900572334785,
          -4.637111682341999e-05,
          6.175189942388598,
          0.12312494973218449,
          0.0010489278083140629
        ],
        [
          0.0,
          0.8918546038563737,
          -0.28371783230056574,
          -0.0,
          0.00011811953862926459,
          -0.00011811953862926459,
          0.12300683019355522,
          -0.006817261296427581,
          4.809236428350302,
          6.180544160639726
        ]
      ]
    },
    {
      "file_path": "/home/ak/workspace/rigid-body-manipulation/datasets/chair/complete/0003.png",
      "transform_matrix": [
        [
          0.9999999878746668,
          -9.596348444913206e-05,
          -0.00012264451167776262,
          -0.00021729173022799753
        ],
        [
          9.588215565138978e-05,
          0.9999997756451652,
          -0.0006629602039370463,
          -0.0011745798308882005
        ],
        [
          0.0001227081041330943,
          0.0006629484364782743,
          0.9999997727210203,
          1.7717195646970014
        ],
        [
          0.0,
          0.0,
          0.0,
          1.0
        ]
      ],
      "pose_sen_obj": [
        [
          -1.0,
          1.2246468029543328e-16,
          0.0,
          0.0
        ],
        [
          -1.2246468029543294e-16,
          -1.0,
          0.0,
          0.0
        ],
        [
          4.930380657631324e-32,
          -4.930380657631324e-32,
          1.0,
          0.0
        ],
        [
          0.0,
          0.0,
          0.0,
          1.0
        ]
      ],
      "twist_sen": [
        0.026289888385567076,
        0.0034489358501165186,
        -0.0316020466556089,
        -0.003283946868711456,
        -0.04386151228186618,
        0.04458757478358123
      ],
      "dtwist_sen": [
        -0.5167557597855057,
        -0.9484839397876055,
        8.078161710491361,
        -2.441414957219845,
        -3.5418553051252175,
        -1.8784115535663255
      ],
      "ft_sen": [
        0.6161824739383628,
        -4.92707714659547,
        53.21890567221123,
        -0.21459279884238608,
        -0.3912549058191026,
        0.14891200205610122
      ],
      "regressor": [
        [
          -0.5155234259131295,
          -0.003911884084733747,
          1.8785555924422406,
          -3.5420017283518117,
          0.0,
          0.0,
          0.0,
          0.0,
          0.0,
          0.0
        ],
        [
          -0.9474155168653215,
          -1.8782675146904104,
          -0.001998836132117969,
          2.4394592787608564,
          0.0,
          0.0,
          0.0,
          0.0,
          0.0,
          0.0
        ],
        [
          8.079303498631589,
          3.5417088818986233,
          -2.443370635678834,
          -0.0019346165666888175,
          0.0,
          0.0,
          0.0,
          0.0,
          0.0,
          0.0
        ],
        [
          0.0,
          -0.0,
          8.079303498631589,
          0.9474155168653215,
          -2.441414957219845,
          0.001955678458988675,
          -0.001955678458988675,
          -3.5417088818986233,
          -6.421956542915126e-05,
          -1.8782675146904104
        ],
        [
          0.0,
          -8.079303498631589,
          -0.0,
          -0.5155234259131295,
          -0.00014642322659397946,
          -3.5418553051252175,
          0.00014642322659397946,
          -2.443370635678834,
          -1.8785555924422406,
          0.0019772675180449294
        ],
        [
          0.0,
          -0.9474155168653215,
          0.5155234259131295,
          -0.0,
          -0.0001440388759149835,
          0.0001440388759149835,
          -1.8784115535663255,
          -0.0019130479526157781,
          -3.5420017283518117,
          -2.4394592787608564
        ]
      ]
    },
    {
      "file_path": "/home/ak/workspace/rigid-body-manipulation/datasets/chair/complete/0004.png",
      "transform_matrix": [
        [
          0.9999997929668306,
          0.0006220335436577496,
          -0.00016474394463570794,
          -0.0002918801362148393
        ],
        [
          -0.0006221951562672788,
          0.9999993235228234,
          -0.000982765019663654,
          -0.001741184408572627
        ],
        [
          0.00016413252038242505,
          0.0009828673190830737,
          0.9999995035160516,
          1.7717190877411833
        ],
        [
          0.0,
          0.0,
          0.0,
          1.0
        ]
      ],
      "pose_sen_obj": [
        [
          -1.0,
          1.2246468029543328e-16,
          0.0,
          0.0
        ],
        [
          -1.2246468029543294e-16,
          -1.0,
          0.0,
          0.0
        ],
        [
          4.930380657631324e-32,
          -4.930380657631324e-32,
          1.0,
          0.0
        ],
        [
          0.0,
          0.0,
          0.0,
          1.0
        ]
      ],
      "twist_sen": [
        0.014971600518375306,
        0.02100471147831959,
        -0.018557258728102228,
        0.018049208936235742,
        -0.025657455074320757,
        0.08884670477481754
      ],
      "dtwist_sen": [
        0.13481421764147417,
        -0.9255294369241199,
        11.621658052265511,
        -2.3288218509765968,
        -0.6617156236694955,
        0.4147502974309843
      ],
      "ft_sen": [
        1.7264826636442656,
        -3.239851953650746,
        62.23059853575477,
        -0.23716426686673456,
        0.01193120617409196,
        0.10210282927643204
      ],
      "regressor": [
        [
          0.1334241502739985,
          -0.008552041950234374,
          -0.4152133941983928,
          -0.6601120109317188,
          0.0,
          0.0,
          0.0,
          0.0,
          0.0,
          0.0
        ],
        [
          -0.92386431571279,
          0.41428720066357577,
          -0.00821951089256748,
          2.3265422706403354,
          0.0,
          0.0,
          0.0,
          0.0,
          0.0,
          0.0
        ],
        [
          11.62242130385932,
          0.6633192364072723,
          -2.331101431312858,
          -0.00098407894411468,
          0.0,
          0.0,
          0.0,
          0.0,
          0.0,
          0.0
        ],
        [
          0.0,
          -0.0,
          11.62242130385932,
          0.92386431571279,
          -2.3288218509765968,
          0.0022795803362613207,
          -0.0022795803362613207,
          -0.6633192364072723,
          -0.007235431948452799,
          0.41428720066357577
        ],
        [
          0.0,
          -11.62242130385932,
          -0.0,
          0.1334241502739985,
          0.0016036127377767357,
          -0.6617156236694955,
          -0.0016036127377767357,
          -2.331101431312858,
          0.4152133941983928,
          0.007567963006119695
        ],
        [
          0.0,
          -0.92386431571279,
          -0.1334241502739985,
          -0.0,
          0.0004630967674084973,
          -0.0004630967674084973,
          0.4147502974309843,
          -0.0003325310576668958,
          -0.6601120109317188,
          -2.3265422706403354
        ]
      ]
    },
    {
      "file_path": "/home/ak/workspace/rigid-body-manipulation/datasets/chair/complete/0005.png",
      "transform_matrix": [
        [
          0.9999991796336698,
          0.0012808373166501652,
          1.3702398663355476e-05,
          2.427681331274023e-05
        ],
        [
          -0.0012808159665009245,
          0.9999981158590643,
          -0.0014586942042520109,
          -0.0025843976479626996
        ],
        [
          -1.557072281649253e-05,
          0.0014586754573374125,
          0.9999989360111654,
          1.7717180822814447
        ],
        [
          0.0,
          0.0,
          0.0,
          1.0
        ]
      ],
      "pose_sen_obj": [
        [
          -1.0,
          1.2246468029543328e-16,
          0.0,
          0.0
        ],
        [
          -1.2246468029543294e-16,
          -1.0,
          0.0,
          0.0
        ],
        [
          4.930380657631324e-32,
          -4.930380657631324e-32,
          1.0,
          0.0
        ],
        [
          0.0,
          0.0,
          0.0,
          1.0
        ]
      ],
      "twist_sen": [
        -0.004977669298527829,
        -0.013314984978762963,
        -0.021393422325345624,
        -0.03801340309316098,
        -0.03377881298551048,
        -0.012866758860205576
      ],
      "dtwist_sen": [
        1.6619779683790668,
        0.12869681601361335,
        9.449095186024229,
        1.2576506575133568,
        -0.4458899744318433,
        0.9718061158112996
      ],
      "ft_sen": [
        4.156192087092266,
        -4.297170291513156,
        54.986806020173994,
        0.3916021156227803,
        0.24653432093533317,
        -0.24174364363633388
      ],
      "regressor": [
        [
          1.6625292920899657,
          -0.00130656169027677,
          -0.9705220681772729,
          -0.4454008651407878,
          0.0,
          0.0,
          0.0,
          0.0,
          0.0,
          0.0
        ],
        [
          0.12794762569776777,
          0.9730901634453263,
          -0.0016105722982898195,
          -1.2572160336720883,
          0.0,
          0.0,
          0.0,
          0.0,
          0.0,
          0.0
        ],
        [
          9.449433194155068,
          0.4463790837228988,
          1.2580852813546253,
          -0.002586027021433232,
          0.0,
          0.0,
          0.0,
          0.0,
          0.0,
          0.0
        ],
        [
          0.0,
          -0.0,
          9.449433194155068,
          -0.12794762569776777,
          1.2576506575133568,
          -0.0004346238412685441,
          0.0004346238412685441,
          -0.4463790837228988,
          0.0009754547231434125,
          0.9730901634453263
        ],
        [
          0.0,
          -9.449433194155068,
          -0.0,
          1.6625292920899657,
          0.0004891092910554951,
          -0.4458899744318433,
          -0.0004891092910554951,
          1.2580852813546253,
          0.9705220681772729,
          -0.001279465331156462
        ],
        [
          0.0,
          0.12794762569776777,
          -1.6625292920899657,
          -0.0,
          -0.0012840476340267102,
          0.0012840476340267102,
          0.9718061158112996,
          0.0003040106080130495,
          -0.4454008651407878,
          1.2572160336720883
        ]
      ]
    },
    {
      "file_path": "/home/ak/workspace/rigid-body-manipulation/datasets/chair/complete/0006.png",
      "transform_matrix": [
        [
          0.9999977487027186,
          0.0021209976290107796,
          6.291701994141298e-05,
          0.00011147134051769925
        ],
        [
          -0.0021208552766892787,
          0.9999953696797775,
          -0.002182336339728986,
          -0.0038664888686188448
        ],
        [
          -6.754545881773247e-05,
          0.0021821979887473816,
          0.999997616721934,
          1.7717157448703706
        ],
        [
          0.0,
          0.0,
          0.0,
          1.0
        ]
      ],
      "pose_sen_obj": [
        [
          -1.0,
          1.2246468029543328e-16,
          0.0,
          0.0
        ],
        [
          -1.2246468029543294e-16,
          -1.0,
          0.0,
          0.0
        ],
        [
          4.930380657631324e-32,
          -4.930380657631324e-32,
          1.0,
          0.0
        ],
        [
          0.0,
          0.0,
          0.0,
          1.0
        ]
      ],
      "twist_sen": [
        0.005611366070863363,
        -0.00688525046045207,
        -0.01773445291857871,
        0.003177403691952003,
        -0.047500362480637735,
        -0.027275481989314215
      ],
      "dtwist_sen": [
        2.1491882799220203,
        0.6948103075665036,
        9.858981452383647,
        2.4262132664931153,
        -1.1723996940706507,
        -6.1355695904954475
      ],
      "ft_sen": [
        -0.6342979151676085,
        4.30317992303284,
        52.18579427047668,
        0.3202629948553535,
        -0.2359460925165235,
        -0.2855888473259221
      ],
      "regressor": [
        [
          2.1498428743391225,
          -0.0030002363535413814,
          6.135418662668332,
          -1.1724863592878234,
          0.0,
          0.0,
          0.0,
          0.0,
          0.0,
          0.0
        ],
        [
          0.6947136043684806,
          -6.135720518322563,
          -0.0007540478119710343,
          -2.4249176712117886,
          0.0,
          0.0,
          0.0,
          0.0,
          0.0,
          0.0
        ],
        [
          9.859226117085791,
          1.172313028853478,
          2.427508861774442,
          -0.0022663803300136073,
          0.0,
          0.0,
          0.0,
          0.0,
          0.0,
          0.0
        ],
        [
          0.0,
          -0.0,
          9.859226117085791,
          -0.6947136043684806,
          2.4262132664931153,
          -0.0012955952813265312,
          0.0012955952813265312,
          -1.172313028853478,
          0.001512332518042573,
          -6.135720518322563
        ],
        [
          0.0,
          -9.859226117085791,
          -0.0,
          2.1498428743391225,
          -8.666521717261736e-05,
          -1.1723996940706507,
          8.666521717261736e-05,
          2.427508861774442,
          -6.135418662668332,
          0.0007338560235277739
        ],
        [
          0.0,
          0.6947136043684806,
          -2.1498428743391225,
          -0.0,
          0.00015092782711503675,
          -0.00015092782711503675,
          -6.1355695904954475,
          -0.002246188541570347,
          -1.1724863592878234,
          2.4249176712117886
        ]
      ]
    },
    {
      "file_path": "/home/ak/workspace/rigid-body-manipulation/datasets/chair/complete/0007.png",
      "transform_matrix": [
        [
          0.9999918878763154,
          0.00399277586947304,
          0.0005309636707434263,
          0.000940718937405105
        ],
        [
          -0.003990955389720499,
          0.9999863015243573,
          -0.003386596922476785,
          -0.006000101388991763
        ],
        [
          -0.000544478319822212,
          0.0033844503976601793,
          0.9999941245021723,
          1.7717095576348882
        ],
        [
          0.0,
          0.0,
          0.0,
          1.0
        ]
      ],
      "pose_sen_obj": [
        [
          -1.0,
          1.2246468029543328e-16,
          0.0,
          0.0
        ],
        [
          -1.2246468029543294e-16,
          -1.0,
          0.0,
          0.0
        ],
        [
          4.930380657631324e-32,
          -4.930380657631324e-32,
          1.0,
          0.0
        ],
        [
          0.0,
          0.0,
          0.0,
          1.0
        ]
      ],
      "twist_sen": [
        0.02222898906428029,
        0.010600111452228273,
        0.02079105495631086,
        0.054997861842520215,
        0.06951510720821248,
        -0.01355941114888993
      ],
      "dtwist_sen": [
        0.46838813709587596,
        1.5190848602034819,
        9.812878603767665,
        -0.2665071426180505,
        2.0876806119481346,
        -0.10626074361916447
      ],
      "ft_sen": [
        -3.640869316275337,
        5.257605726682002,
        49.13260735145958,
        0.303298729770669,
        -0.01207800921815888,
        -0.013933736635739054
      ],
      "regressor": [
        [
          0.46997716077954055,
          -0.005016207760873915,
          0.11008392588136973,
          2.086934873327102,
          0.0,
          0.0,
          0.0,
          0.0,
          0.0,
          0.0
        ],
        [
          1.5176399846332878,
          -0.10243756135695922,
          -0.0032086224379535818,
          0.26556455869835516,
          0.0,
          0.0,
          0.0,
          0.0,
          0.0,
          0.0
        ],
        [
          9.811916336674896,
          -2.088426350569167,
          -0.2674497265377458,
          -0.007857114937418216,
          0.0,
          0.0,
          0.0,
          0.0,
          0.0,
          0.0
        ],
        [
          0.0,
          -0.0,
          9.811916336674896,
          -1.5176399846332878,
          -0.2665071426180505,
          0.0009425839196953151,
          -0.0009425839196953151,
          2.088426350569167,
          0.004648492499464634,
          -0.10243756135695922
        ],
        [
          0.0,
          -9.811916336674896,
          -0.0,
          0.46997716077954055,
          -0.0007457386210325767,
          2.0876806119481346,
          0.0007457386210325767,
          -0.2674497265377458,
          -0.11008392588136973,
          -0.0028409071765443006
        ],
        [
          0.0,
          1.5176399846332878,
          -0.46997716077954055,
          -0.0,
          -0.003823182262205251,
          0.003823182262205251,
          -0.10626074361916447,
          -0.0018075853229203335,
          2.086934873327102,
          -0.26556455869835516
        ]
      ]
    },
    {
      "file_path": "/home/ak/workspace/rigid-body-manipulation/datasets/chair/complete/0008.png",
      "transform_matrix": [
        [
          0.9999769424141376,
          0.006683564552951763,
          0.0012019171929280308,
          0.002129460689837881
        ],
        [
          -0.006677667540743204,
          0.9999659658792063,
          -0.00484518724931863,
          -0.00858431499527279
        ],
        [
          -0.0012342594084850628,
          0.004837049527571733,
          0.9999875397001604,
          1.7716978912096828
        ],
        [
          0.0,
          0.0,
          0.0,
          1.0
        ]
      ],
      "pose_sen_obj": [
        [
          -1.0,
          1.2246468029543328e-16,
          0.0,
          0.0
        ],
        [
          -1.2246468029543294e-16,
          -1.0,
          0.0,
          0.0
        ],
        [
          4.930380657631324e-32,
          -4.930380657631324e-32,
          1.0,
          0.0
        ],
        [
          0.0,
          0.0,
          0.0,
          1.0
        ]
      ],
      "twist_sen": [
        -0.01252896225961206,
        -0.033154811053139964,
        0.05606945013282582,
        0.12234424079111116,
        0.0052472456254521885,
        0.0997573941605127
      ],
      "dtwist_sen": [
        0.2937544719780407,
        0.8971443620027445,
        9.09655768561948,
        2.594262761290174,
        3.0995468694559976,
        -1.041413146591264
      ],
      "ft_sen": [
        2.0279181420717047,
        0.4376552876804563,
        49.51094088052176,
        -0.10498983649003611,
        0.2390482358416674,
        -0.09140128346783268
      ],
      "regressor": [
        [
          0.2973561197095171,
          -0.009979071276349722,
          1.0420551168735543,
          3.111751612107865,
          0.0,
          0.0,
          0.0,
          0.0,
          0.0,
          0.0
        ],
        [
          0.8890347310681146,
          -1.0407711763089735,
          -0.02491965094444928,
          -2.5937393097400587,
          0.0,
          0.0,
          0.0,
          0.0,
          0.0,
          0.0
        ],
        [
          9.09256712797502,
          -3.08734212680413,
          2.5947862128402894,
          -0.014995646841407214,
          0.0,
          0.0,
          0.0,
          0.0,
          0.0,
          0.0
        ],
        [
          0.0,
          -0.0,
          9.09256712797502,
          -0.8890347310681146,
          2.594262761290174,
          -0.00052345155011526,
          0.00052345155011526,
          3.08734212680413,
          -0.009924004103042066,
          -1.0407711763089735
        ],
        [
          0.0,
          -9.09256712797502,
          -0.0,
          0.2973561197095171,
          0.012204742651867552,
          3.0995468694559976,
          -0.012204742651867552,
          2.5947862128402894,
          -1.0420551168735543,
          -0.005016575565057493
        ],
        [
          0.0,
          0.8890347310681146,
          -0.2973561197095171,
          -0.0,
          -0.0006419702822904272,
          0.0006419702822904272,
          -1.041413146591264,
          0.014940579668099559,
          3.111751612107865,
          2.5937393097400587
        ]
      ]
    },
    {
      "file_path": "/home/ak/workspace/rigid-body-manipulation/datasets/chair/complete/0009.png",
      "transform_matrix": [
        [
          0.9999528530858598,
          0.00950685482843966,
          0.0019777049120804522,
          0.003503939282301971
        ],
        [
          -0.009494125742550322,
          0.9999347732627918,
          -0.006349078379835145,
          -0.011248788939962062
        ],
        [
          -0.0020379356792933553,
          0.006330002461264952,
          0.9999778886990486,
          1.7716807923383082
        ],
        [
          0.0,
          0.0,
          0.0,
          1.0
        ]
      ],
      "pose_sen_obj": [
        [
          -1.0,
          1.2246468029543328e-16,
          0.0,
          0.0
        ],
        [
          -1.2246468029543294e-16,
          -1.0,
          0.0,
          0.0
        ],
        [
          4.930380657631324e-32,
          -4.930380657631324e-32,
          1.0,
          0.0
        ],
        [
          0.0,
          0.0,
          0.0,
          1.0
        ]
      ],
      "twist_sen": [
        -0.0020533289375001145,
        0.049674513371685554,
        0.025884791663124875,
        0.073142984268397,
        1.9601819434200374e-06,
        0.012037532768405804
      ],
      "dtwist_sen": [
        -0.43031530132228635,
        -4.330947256168155,
        10.616363361903868,
        2.619060657737749,
        2.3579610355941703,
        -2.4551866314194295
      ],
      "ft_sen": [
        -2.9078366092307464,
        -9.020618267411885,
        55.21585430150863,
        0.3051502557175391,
        0.045725846154495785,
        0.11158493111121916
      ],
      "regressor": [
        [
          -0.4309132091658514,
          -0.00014490219899275674,
          2.4551867747929865,
          2.35884149666408,
          0.0,
          0.0,
          0.0,
          0.0,
          0.0,
          0.0
        ],
        [
          -4.332865264091931,
          -2.4551864880458725,
          -0.005494798342837413,
          -2.6190606341419946,
          0.0,
          0.0,
          0.0,
          0.0,
          0.0,
          0.0
        ],
        [
          10.619996708078853,
          -2.3570805745242605,
          2.619060681333503,
          -0.005349896151529283,
          0.0,
          0.0,
          0.0,
          0.0,
          0.0,
          0.0
        ],
        [
          0.0,
          -0.0,
          10.619996708078853,
          4.332865264091931,
          2.619060657737749,
          -2.3595754375956073e-08,
          2.3595754375956073e-08,
          2.3570805745242605,
          -0.00014490219130813026,
          -2.4551864880458725
        ],
        [
          0.0,
          -10.619996708078853,
          -0.0,
          -0.4309132091658514,
          0.0008804610699098191,
          2.3579610355941703,
          -0.0008804610699098191,
          2.619060681333503,
          -2.4551867747929865,
          -0.005204993952536527
        ],
        [
          0.0,
          -4.332865264091931,
          0.4309132091658514,
          -0.0,
          -1.4337355705076764e-07,
          1.4337355705076764e-07,
          -2.4551866314194295,
          0.0053498961438446565,
          2.35884149666408,
          2.6190606341419946
        ]
      ]
    },
    {
      "file_path": "/home/ak/workspace/rigid-body-manipulation/datasets/chair/complete/0010.png",
      "transform_matrix": [
        [
          0.9999153190536423,
          0.012744797043549264,
          0.002631514805494816,
          0.004662307325329351
        ],
        [
          -0.01272118606258304,
          0.9998803390281574,
          -0.008802218475936591,
          -0.015595066230985166
        ],
        [
          -0.0027433824038845638,
          0.008767997106278859,
          0.9999577971493249,
          1.771645195738487
        ],
        [
          0.0,
          0.0,
          0.0,
          1.0
        ]
      ],
      "pose_sen_obj": [
        [
          -1.0,
          1.2246468029543328e-16,
          0.0,
          0.0
        ],
        [
          -1.2246468029543294e-16,
          -1.0,
          0.0,
          0.0
        ],
        [
          4.930380657631324e-32,
          -4.930380657631324e-32,
          1.0,
          0.0
        ],
        [
          0.0,
          0.0,
          0.0,
          1.0
        ]
      ],
      "twist_sen": [
        0.008429847272834199,
        0.009543247008761642,
        0.028005057865492712,
        0.02450255701817086,
        0.0591511996837731,
        0.11333210168319453
      ],
      "dtwist_sen": [
        -0.2870437036898037,
        0.7454274993308169,
        6.890233750157203,
        0.6302355157250479,
        1.9419354685081232,
        -0.45353320245824535
      ],
      "ft_sen": [
        4.057973924532232,
        3.004922835604423,
        52.437775850848645,
        -0.3647671325637494,
        -0.1950460651403438,
        -0.030988916250718583
      ],
      "regressor": [
        [
          -0.28646872716023114,
          -0.016343029695959545,
          0.4549825581011902,
          1.9447123947916047,
          0.0,
          0.0,
          0.0,
          0.0,
          0.0,
          0.0
        ],
        [
          0.7456966761119691,
          -0.4520838468153005,
          -0.013444540572358658,
          -0.6235317859478036,
          0.0,
          0.0,
          0.0,
          0.0,
          0.0,
          0.0
        ],
        [
          6.889968948531835,
          -1.9391585422246416,
          0.6369392455022922,
          -0.004099239724458313,
          0.0,
          0.0,
          0.0,
          0.0,
          0.0,
          0.0
        ],
        [
          0.0,
          -0.0,
          6.889968948531835,
          -0.7456966761119691,
          0.6302355157250479,
          -0.006703729777244318,
          0.006703729777244318,
          1.9391585422246416,
          -0.009345300847900346,
          -0.4520838468153005
        ],
        [
          0.0,
          -6.889968948531835,
          -0.0,
          -0.28646872716023114,
          0.0027769262834816118,
          1.9419354685081232,
          -0.0027769262834816118,
          0.6369392455022922,
          -0.4549825581011902,
          0.012243789971501232
        ],
        [
          0.0,
          0.7456966761119691,
          0.28646872716023114,
          -0.0,
          -0.0014493556429448606,
          0.0014493556429448606,
          -0.45353320245824535,
          -0.0028984891236008854,
          1.9447123947916047,
          0.6235317859478036
        ]
      ]
    },
    {
      "file_path": "/home/ak/workspace/rigid-body-manipulation/datasets/chair/complete/0011.png",
      "transform_matrix": [
        [
          0.9998510562559542,
          0.017007668895707373,
          0.0029333432439267297,
          0.005197062796419738
        ],
        [
          -0.016971629717697872,
          0.9997851303585741,
          -0.011901970366881986,
          -0.021086958550071255
        ],
        [
          -0.003135137728722178,
          0.011850414027483186,
          0.9999248664768764,
          1.771586851808571
        ],
        [
          0.0,
          0.0,
          0.0,
          1.0
        ]
      ],
      "pose_sen_obj": [
        [
          -1.0,
          1.2246468029543328e-16,
          0.0,
          0.0
        ],
        [
          -1.2246468029543294e-16,
          -1.0,
          0.0,
          0.0
        ],
        [
          4.930380657631324e-32,
          -4.930380657631324e-32,
          1.0,
          0.0
        ],
        [
          0.0,
          0.0,
          0.0,
          1.0
        ]
      ],
      "twist_sen": [
        0.023274348325022204,
        0.01950901593528941,
        -0.003997992439685289,
        0.06031609394249289,
        -0.03574197679889784,
        0.165818228993899
      ],
      "dtwist_sen": [
        -0.8312296811770402,
        -0.06412970190328117,
        9.51938329558554,
        -2.75813873994313,
        -1.0583600326156655,
        -0.7313224518952547
      ],
      "ft_sen": [
        -1.334895098328408,
        -1.387316911680342,
        58.174723472613586,
        0.0275151964464217,
        -0.12795783743035144,
        0.0602902793522819
      ],
      "regressor": [
        [
          -0.8343217354958222,
          -0.02877317397216608,
          0.729166635464962,
          -1.0483585247382916,
          0.0,
          0.0,
          0.0,
          0.0,
          0.0,
          0.0
        ],
        [
          -0.06002924739546543,
          -0.7334782683255474,
          -0.031133716255152755,
          2.752212068649596,
          0.0,
          0.0,
          0.0,
          0.0,
          0.0,
          0.0
        ],
        [
          9.52139187444126,
          1.0683615404930393,
          -2.7640654112366643,
          -0.004915520093972579,
          0.0,
          0.0,
          0.0,
          0.0,
          0.0,
          0.0
        ],
        [
          0.0,
          -0.0,
          9.52139187444126,
          0.06002924739546543,
          -2.75813873994313,
          0.005926671293534267,
          -0.005926671293534267,
          -1.0683615404930393,
          -0.026218196161180176,
          -0.7334782683255474
        ],
        [
          0.0,
          -9.52139187444126,
          -0.0,
          -0.8343217354958222,
          0.01000150787737381,
          -1.0583600326156655,
          -0.01000150787737381,
          -2.7640654112366643,
          -0.729166635464962,
          0.0238576538781935
        ],
        [
          0.0,
